D = [0.08341976930168424, -0.1637092520256802, -0.0018629254748581472, 0.0003859187025665734, 0.0]
K = [892.6220054412034, 0.0, 637.9575938162841, 0.0, 891.2846358772875, 357.76699375002227, 0.0, 0.0, 1.0]
R = [1.0, 0.0, 0.0, 0.0, 1.0, 0.0, 0.0, 0.0, 1.0]
P = [891.5421142578125, 0.0, 637.8456652701279, 0.0, 0.0, 899.5590209960938, 356.2524206126909, 0.0, 0.0, 0.0, 1.0, 0.0]
None
# oST version 5.0 parameters


[image]

width
1280

height
720

[narrow_stereo]

camera matrix
892.622005 0.000000 637.957594
0.000000 891.284636 357.766994
0.000000 0.000000 1.000000

distortion
0.083420 -0.163709 -0.001863 0.000386 0.000000

rectification
1.000000 0.000000 0.000000
0.000000 1.000000 0.000000
0.000000 0.000000 1.000000

projection
891.542114 0.000000 637.845665 0.000000
0.000000 899.559021 356.252421 0.000000
0.000000 0.000000 1.000000 0.000000
